[{:key 0,
  :value
  {"MNTM" (146 160 148 149 160 147 124 137 174 140),
   "MMXT" (183 211 188 192 213 197 180 191 236 192),
   "MMNT" (110 109 108 106 106 97 69 84 113 88),
   "EMXT" (289 317 267 250 283 267 272 256 328 267),
   "EMNT" (72 61 67 61 72 39 33 39 61 33)}}
 {:key 1,
  :value
  {"MNTM" (185 163 161 139 155 142 126 159 149 135),
   "MMXT" (234 202 213 179 205 185 170 225 196 184),
   "MMNT" (136 124 108 99 104 98 82 93 102 86),
   "EMXT" (350 317 283 239 278 267 306 322 250 239),
   "EMNT" (100 39 89 78 50 50 50 44 67 61)}}
 {:key 2,
  :value
  {"MNTM" (170 172 184 166 138 153 158 154 166 182),
   "MMXT" (217 221 241 212 178 202 200 205 220 236),
   "MMNT" (123 123 126 120 98 103 116 104 112 128),
   "EMXT" (278 317 361 306 244 283 306 267 317 344),
   "EMNT" (72 89 78 61 72 61 61 67 67 83)}}
 {:key 3,
  :value
  {"MNTM" (182 204 187 168 152 178 155 162 159 186),
   "MMXT" (233 263 239 217 196 229 203 203 207 236),
   "MMNT" (132 145 135 119 108 127 107 122 112 137),
   "EMXT" (322 356 344 328 322 317 339 256 300 389),
   "EMNT" (78 117 106 67 56 100 61 100 83 111)}}
 {:key 4,
  :value
  {"MNTM" (178 205 226 179 174 198 196 180 180 210),
   "MMXT" (217 251 275 218 213 245 242 225 228 261),
   "MMNT" (139 160 177 140 134 151 150 135 132 158),
   "EMXT" (283 339 339 256 261 311 294 328 306 383),
   "EMNT" (111 133 150 100 100 122 122 106 106 139)}}
 {:key 5,
  :value
  {"MNTM" (205 221 217 204 193 218 215 204 195 207),
   "MMXT" (252 274 255 245 245 266 266 246 230 246),
   "MMNT" (159 169 179 164 142 169 165 162 160 168),
   "EMXT" (328 367 283 300 317 350 306 283 283 272),
   "EMNT" (117 139 161 133 94 144 150 144 144 144)}}
 {:key 6,
  :value
  {"MNTM" (243 239 229 245 221 224 216 224 241 228),
   "MMXT" (301 295 275 298 270 276 265 273 291 278),
   "MMNT" (185 184 182 193 172 171 168 175 191 177),
   "EMXT" (383 361 339 367 322 350 311 322 328 333),
   "EMNT" (161 150 167 167 156 156 150 156 172 150)}}
 {:key 7,
  :value
  {"MNTM" (252 251 253 266 219 237 222 219 242 225),
   "MMXT" (313 308 305 325 273 290 275 269 299 272),
   "MMNT" (192 194 201 207 164 184 170 168 185 178),
   "EMXT" (372 372 378 383 322 339 322 311 350 311),
   "EMNT" (167 178 172 178 144 167 156 150 167 161)}}
 {:key 8,
  :value
  {"MNTM" (250 231 265 231 207 226 219 223 219 237),
   "MMXT" (307 279 319 272 255 282 270 280 267 290),
   "MMNT" (194 182 212 190 158 169 168 166 172 183),
   "EMXT" (378 317 372 400 389 372 322 383 339 383),
   "EMNT" (167 156 172 150 128 139 144 139 150 144)}}
 {:key 9,
  :value
  {"MNTM" (219 194 217 206 219 184 201 181 213 184),
   "MMXT" (272 243 271 258 289 226 247 221 268 228),
   "MMNT" (167 145 164 153 149 142 155 141 157 140),
   "EMXT" (383 306 378 344 356 306 333 333 361 283),
   "EMNT" (133 89 122 128 128 94 133 111 122 100)}}
 {:key 10,
  :value
  {"MNTM" (195 179 184 169 165 150 167 180 154 151),
   "MMXT" (252 231 233 222 220 210 215 241 205 201),
   "MMNT" (138 127 135 116 111 89 119 119 103 101),
   "EMXT" (322 344 372 267 300 267 294 322 283 250),
   "EMNT" (106 67 89 94 72 50 61 89 44 39)}}
 {:key 11,
  :value
  {"MNTM" (160 154 149 150 145 149 135 136 136 143),
   "MMXT" (210 199 203 207 212 211 187 185 188 197),
   "MMNT" (110 108 96 94 77 87 84 88 84 89),
   "EMXT" (283 256 272 311 261 267 283 239 261 294),
   "EMNT" (72 72 39 33 56 56 44 50 39 44)}}]
